# Created by Octave 3.8.2, Sun Nov 08 23:53:16 2015 India Standard Time <unknown@Warlord-PC>
# name: DemoTestLabels
# type: matrix
# rows: 1
# columns: 200
 2 2 2 2 2 2 1 2 2 1 1 2 2 2 2 2 2 2 1 2 2 1 2 2 2 1 2 2 2 2 2 2 2 1 2 2 1 1 1 1 2 2 1 2 2 2 1 2 2 2 1 2 1 1 2 2 2 2 2 1 2 2 2 2 2 2 2 2 2 1 2 2 1 1 1 1 1 2 2 1 1 2 2 1 2 2 1 1 1 1 2 2 1 1 1 1 1 2 1 2 1 1 1 2 2 1 2 2 1 1 1 1 2 1 2 1 1 2 1 1 1 2 1 2 2 2 1 1 1 1 2 1 2 1 1 2 1 2 1 2 1 2 1 2 1 1 2 2 2 2 1 1 2 2 1 1 1 1 2 2 2 2 1 2 1 2 2 1 2 1 2 1 2 2 2 1 2 1 2 1 1 1 1 1 2 1 2 1 1 1 2 2 2 1 2 2 2 1 2 1


